48	95	83	178	72	10	379	162	42	20	159	176	184	70	6	16	187	197
41	91	84	141	57	9	330	149	45	19	143	170	158	72	9	14	189	199
50	104	106	209	66	10	635	207	32	23	158	223	220	73	14	9	188	196
41	93	82	159	63	9	309	144	46	19	143	160	127	63	6	10	199	207
44	85	70	205	103	52	325	149	45	19	144	241	188	127	9	11	180	183
57	107	106	172	50	6	957	255	26	28	169	280	264	85	5	9	181	183
43	97	73	173	65	6	361	153	42	19	143	176	172	66	13	1	200	204
43	90	66	157	65	9	281	137	48	18	146	162	164	67	3	3	193	202
34	86	62	140	61	7	223	122	54	17	127	141	112	64	2	14	200	208
44	93	98	197	62	11	505	183	36	22	146	202	152	64	4	14	195	204
36	86	70	143	61	9	266	133	50	18	130	153	127	66	2	10	194	202
34	90	66	136	55	6	224	123	54	17	118	148	118	65	5	26	196	202
46	88	74	171	68	6	349	152	43	19	148	180	192	71	5	11	189	195
42	89	85	144	58	10	345	152	44	19	144	173	161	72	8	13	187	197
49	94	79	203	71	5	465	174	37	21	154	196	206	71	6	2	197	199
55	96	103	201	65	9	624	204	32	23	166	227	246	74	6	2	186	194
36	89	51	109	52	6	206	118	57	17	129	137	125	80	2	14	181	185
41	99	77	197	69	6	485	177	36	21	139	202	151	72	4	10	198	199
54	104	100	186	61	10	686	216	31	24	173	225	220	74	5	11	185	195
56	101	100	215	69	10	651	208	32	24	169	227	223	74	6	5	186	193
47	84	75	153	64	6	354	154	43	19	145	175	184	75	0	3	185	192
37	84	53	121	59	5	221	123	55	17	125	141	133	82	7	1	179	183
43	94	64	173	69	7	344	150	43	19	142	169	177	68	9	1	199	206
39	87	70	148	61	7	307	143	46	18	136	164	141	69	1	2	192	199
53	99	105	219	66	11	623	204	32	23	165	221	224	68	0	6	191	201
45	85	80	154	64	9	324	147	45	19	148	169	174	71	1	4	188	199
36	83	54	119	57	6	238	128	53	18	125	143	139	82	6	3	179	183
54	107	98	203	65	11	696	218	31	25	167	229	216	72	1	28	187	199
45	102	85	193	64	6	570	192	33	22	146	217	163	76	6	7	195	193
38	80	63	129	55	7	314	146	46	19	130	168	158	83	9	20	180	185
43	89	85	160	64	11	356	155	43	19	151	173	174	72	5	9	185	196
42	88	77	151	58	8	293	140	47	18	142	165	158	64	10	11	198	205
35	93	66	154	59	6	304	142	46	18	128	162	120	64	5	13	197	202
48	101	107	222	68	10	641	208	32	24	154	232	204	70	5	38	190	202
38	87	85	177	61	8	402	164	40	20	129	186	130	63	1	25	198	205
46	100	90	172	67	9	363	157	43	20	150	170	184	67	17	7	192	200
44	82	72	118	52	7	340	152	44	19	147	174	177	82	2	2	180	185
48	90	86	306	126	49	346	153	44	19	156	272	200	118	0	15	185	194
53	106	98	176	54	10	691	216	31	24	171	235	218	74	1	9	187	197
45	81	68	169	73	6	336	151	44	19	146	173	186	75	7	0	183	189
48	95	104	214	67	9	628	205	32	23	151	227	202	74	5	9	186	193
37	88	51	105	52	5	207	119	57	17	128	135	125	86	8	16	179	183
49	94	87	137	54	11	366	158	43	20	162	178	186	75	5	5	183	194
37	93	76	183	63	8	405	164	40	20	134	191	139	67	4	7	192	197
54	119	106	220	65	12	675	213	31	24	167	223	232	66	20	1	192	202
46	93	82	145	58	11	371	159	43	20	160	180	189	77	2	4	183	194
43	91	70	133	55	8	253	130	51	18	146	159	156	70	1	8	190	194
42	85	66	122	54	6	317	148	46	19	141	172	174	88	6	14	180	182
47	89	81	147	64	11	352	156	44	20	163	170	188	76	6	13	184	193
45	91	79	176	59	9	404	163	40	20	148	184	179	62	0	10	199	208
38	78	63	115	51	6	299	142	47	19	130	162	146	77	2	4	181	185
38	92	71	174	66	7	355	154	43	19	133	181	130	70	4	24	189	195
55	98	101	228	70	9	661	210	31	24	168	236	245	72	1	6	188	197
42	101	62	175	67	6	341	149	43	19	139	169	165	65	7	11	202	209
56	101	104	185	53	6	956	257	26	28	168	275	230	83	5	26	180	184
36	94	66	151	61	8	265	133	50	18	135	154	119	62	9	3	201	208
44	97	96	195	63	9	512	185	36	22	144	202	165	66	4	8	191	199
47	89	84	133	55	11	354	157	44	20	160	169	176	74	5	9	182	192
53	107	103	221	66	11	653	209	32	24	163	222	212	66	0	1	191	201
39	85	68	119	52	5	241	128	53	18	135	148	142	75	8	8	182	187
50	103	98	212	63	9	567	193	34	22	161	214	185	64	5	5	198	204
38	77	63	135	59	5	247	130	52	18	130	145	139	79	13	21	183	187
40	96	70	120	50	8	269	137	50	18	141	162	139	80	10	13	183	183
42	83	66	156	67	7	333	150	45	19	144	174	159	78	4	2	182	188
45	93	86	201	69	7	523	184	35	22	145	203	183	72	0	4	194	197
41	89	75	143	56	7	317	146	46	19	137	170	156	76	18	5	184	188
43	81	68	125	57	8	323	149	46	19	146	169	172	83	6	18	179	184
55	98	101	219	69	11	748	225	30	25	178	231	216	74	6	14	187	195
44	86	78	164	68	9	305	142	46	18	147	168	171	70	1	11	190	201
49	98	84	219	74	7	558	190	34	22	154	208	209	74	4	7	195	195
55	96	98	161	54	10	683	215	31	24	175	226	221	76	3	6	185	193
59	97	108	227	70	11	732	224	30	25	186	225	218	70	10	25	186	198
39	92	91	191	62	8	466	176	37	21	137	196	151	67	3	23	192	200
37	73	53	111	54	6	227	126	55	18	128	135	147	82	1	15	176	184
42	89	89	147	61	11	338	151	44	19	145	170	163	72	11	23	187	199
53	101	103	203	63	9	571	195	34	22	162	210	210	68	5	5	191	198
39	91	83	170	60	8	445	172	38	21	134	197	152	72	0	10	188	194
40	86	62	140	62	7	330	150	45	19	133	165	173	82	2	3	180	185
52	104	94	208	66	5	666	208	31	24	161	227	218	76	11	4	193	191
44	89	68	113	50	7	328	150	45	19	147	171	189	88	6	5	179	182
46	87	71	159	66	6	343	151	44	19	146	175	189	73	2	0	186	190
51	99	92	203	65	5	671	209	31	24	159	232	214	78	5	11	191	189
36	94	68	127	54	7	242	127	52	18	132	155	116	66	1	2	195	196
40	79	80	133	55	7	311	147	47	19	135	172	144	76	8	30	181	193
40	89	76	188	76	7	342	150	44	19	136	174	148	72	3	8	193	197
58	110	106	180	51	6	998	261	26	28	171	278	257	83	9	13	181	182
41	89	84	141	58	9	330	149	45	19	145	172	162	72	4	18	188	200
37	86	60	115	54	5	209	119	56	17	132	141	129	72	2	8	186	190
42	91	84	209	75	6	446	171	38	20	138	189	161	69	3	12	196	201
37	80	57	116	55	6	229	125	54	18	125	142	132	81	8	5	178	184
55	104	107	222	68	11	703	218	31	24	173	232	229	71	3	10	188	199
38	94	84	158	55	9	430	169	39	20	130	196	155	69	9	15	190	195
52	104	100	191	59	9	583	197	33	23	158	218	234	70	10	10	191	198
48	94	87	162	64	10	363	157	43	20	161	179	186	75	4	15	184	195
45	84	66	154	65	6	312	145	46	19	144	168	177	73	2	3	184	188
50	97	108	211	65	10	683	214	31	24	156	232	218	72	7	29	188	197
42	89	80	151	62	6	308	144	46	19	139	166	170	74	17	13	185	189
43	86	68	152	62	7	337	150	44	19	142	179	164	75	4	9	188	192
46	95	105	219	68	9	602	201	33	23	148	223	201	69	5	38	191	202
44	87	65	124	56	6	321	149	46	19	144	170	171	87	4	12	179	182
45	82	66	252	126	52	326	148	45	19	144	237	185	119	1	1	181	185
42	95	85	174	66	9	347	153	44	19	144	168	150	65	11	5	196	204
42	94	68	150	64	7	246	128	52	18	143	154	159	69	14	5	192	196
38	92	60	130	62	5	194	114	58	17	132	135	137	72	14	5	190	194
45	102	83	198	65	5	576	194	33	22	146	225	167	79	0	27	193	191
53	108	103	202	64	10	711	220	30	25	168	224	214	73	11	10	188	199
46	99	105	209	64	11	575	197	34	23	152	212	159	65	0	33	194	205
39	85	77	151	59	8	331	150	45	19	134	176	133	73	0	16	184	193
44	80	68	135	59	8	329	150	45	19	145	170	173	80	7	12	180	185
48	99	79	199	68	6	524	185	35	22	153	202	171	74	5	8	195	195
40	89	77	159	65	9	314	144	46	19	141	168	143	70	0	5	190	200
48	94	83	162	64	10	357	156	43	19	153	177	187	74	4	14	185	196
38	77	75	144	59	6	315	147	46	19	132	167	136	80	16	20	181	187
35	88	50	121	58	5	192	114	59	17	122	132	138	74	21	4	182	187
43	93	85	133	54	10	351	155	44	19	153	174	165	75	12	13	184	196
47	95	88	162	64	11	371	159	43	20	157	176	185	71	12	13	189	198
45	100	100	209	65	8	611	201	32	23	147	231	189	72	5	5	189	195
53	109	109	221	69	12	712	221	31	25	169	226	212	72	13	28	188	201
43	85	64	128	56	8	324	150	46	19	144	168	173	82	9	14	180	184
49	93	79	180	65	7	463	173	37	21	158	189	194	70	5	10	197	202
37	89	54	119	53	5	266	134	50	18	127	151	146	79	16	14	184	185
48	90	78	142	59	11	370	160	43	20	160	173	185	76	10	11	183	192
40	92	82	163	63	9	319	146	45	19	140	165	137	64	9	0	199	206
36	90	57	130	57	6	216	121	56	17	127	137	132	68	22	23	190	195
45	85	71	150	63	8	307	143	46	19	147	171	179	72	2	3	187	196
46	90	80	143	62	11	366	159	43	20	156	169	186	74	17	7	185	193
42	89	70	148	62	7	323	147	45	19	143	176	153	76	2	6	186	189
41	85	66	155	65	22	330	149	45	19	139	173	155	75	6	16	184	191
45	97	88	173	67	10	365	157	43	20	157	173	157	67	8	12	192	200
48	100	95	209	68	7	605	199	32	23	150	216	200	73	7	11	192	194
46	100	104	184	60	9	578	197	34	23	147	222	198	73	13	13	189	197
36	86	77	165	60	7	331	150	45	19	128	174	131	66	0	32	196	203
42	97	101	186	59	9	511	186	36	22	138	208	168	67	7	41	194	206
39	98	68	121	49	7	261	134	51	18	142	164	134	75	4	1	186	186
54	102	100	163	53	10	669	213	31	24	173	219	201	76	12	27	187	195
47	89	83	322	133	48	364	158	43	20	163	229	176	97	0	14	184	194
48	86	75	136	58	10	371	161	43	20	163	170	185	75	3	1	183	192
42	87	64	150	64	10	264	133	50	18	142	157	159	67	7	1	193	201
37	88	63	130	58	5	230	125	54	18	130	141	145	74	14	20	184	188
42	91	80	162	66	8	331	148	44	19	145	171	147	70	3	5	189	199
37	90	80	171	58	9	373	157	42	20	132	172	115	60	3	18	201	209
42	81	63	125	55	8	320	149	46	19	145	166	172	86	7	7	179	182
49	106	107	194	57	11	670	214	31	24	161	224	172	67	0	39	192	206
43	80	68	120	54	8	329	150	45	19	145	171	176	85	4	8	179	183
45	95	80	186	62	7	406	164	40	20	145	188	178	65	11	18	199	204
54	103	107	218	64	12	728	222	30	25	174	221	199	67	0	18	189	200
46	100	85	164	64	11	387	163	42	20	163	176	170	71	18	0	189	196
40	91	76	171	67	7	332	149	44	19	135	169	144	68	4	17	192	200
43	90	72	172	59	8	360	154	42	19	144	174	158	61	15	9	203	209
36	93	64	165	69	8	279	136	49	18	136	161	127	67	2	29	193	204
50	104	96	211	65	10	527	187	35	22	156	207	195	65	3	7	195	206
44	94	84	216	74	6	525	184	35	22	145	208	154	73	4	22	196	197
35	93	72	172	62	7	334	149	44	19	124	169	125	62	5	30	203	210
49	106	106	211	64	9	645	208	32	24	158	224	184	68	1	24	190	202
40	89	79	154	64	9	311	144	46	19	139	168	149	71	8	7	188	197
56	110	103	223	64	5	928	250	26	27	169	280	239	85	4	6	184	183
36	85	78	149	55	7	321	147	45	19	128	168	134	64	10	24	197	203
42	93	70	131	56	7	240	127	53	18	145	156	152	74	5	4	189	190
39	87	74	152	58	6	337	151	44	19	136	174	140	70	1	33	187	196
45	91	75	154	57	6	335	150	44	19	146	170	180	66	16	2	193	198
38	82	53	125	59	5	259	133	51	18	128	152	146	87	0	0	177	183
52	107	101	218	64	11	610	202	33	23	164	219	192	65	17	2	197	206
39	98	81	191	64	9	415	166	40	20	138	184	131	62	8	19	197	205
40	85	72	139	59	5	260	132	50	18	135	159	150	68	3	9	191	195
54	98	104	186	59	10	665	213	32	24	172	223	217	73	1	26	186	195
54	103	91	179	57	11	707	220	31	25	170	220	198	72	1	32	186	198
36	92	78	165	57	8	349	153	43	19	128	169	124	60	4	19	203	211
51	110	104	191	57	12	674	213	31	24	162	226	190	68	18	2	191	199
45	82	68	139	64	6	320	147	46	19	143	169	184	80	0	1	181	184
38	98	70	125	52	8	243	130	53	18	139	157	132	74	0	13	186	185
51	108	103	197	60	11	661	211	31	24	160	222	187	67	7	3	190	200
54	106	103	161	47	4	892	247	27	27	166	266	242	85	4	11	181	183
45	94	81	166	67	9	313	145	46	19	147	164	179	66	11	14	194	202
49	96	98	187	59	6	680	213	31	24	152	228	210	77	8	28	188	189
48	93	84	150	63	11	354	156	44	20	165	171	188	73	8	15	185	195
40	88	78	186	73	6	379	158	41	20	134	185	148	73	1	11	193	197
39	84	90	180	60	7	469	177	37	21	131	209	145	71	4	38	190	198
44	89	72	160	66	7	312	144	46	19	147	166	169	69	11	1	191	198
37	93	73	174	68	7	347	151	43	19	131	175	135	68	1	22	196	205
44	89	70	137	58	6	273	136	49	18	146	168	166	78	10	3	186	187
54	102	106	221	68	11	638	207	32	24	164	228	238	71	0	26	189	200
36	78	60	116	56	6	221	123	55	17	124	141	121	78	3	16	178	185
42	91	66	169	66	7	325	145	44	19	140	169	159	67	4	0	201	207
35	84	53	122	57	4	196	116	59	17	123	135	128	76	10	27	183	190
46	103	106	209	66	10	612	203	33	23	149	217	210	70	9	10	191	199
41	100	75	205	71	5	479	176	36	21	138	204	151	72	7	19	197	197
42	91	81	193	69	5	434	169	38	20	137	184	156	68	3	23	198	204
45	98	76	166	60	7	371	157	42	20	148	184	186	69	13	10	190	196
51	101	105	212	68	10	653	209	32	24	162	222	224	73	5	23	186	195
36	90	78	179	64	8	367	157	42	19	126	182	142	66	1	20	192	198
48	97	94	198	63	9	494	181	36	21	155	200	189	64	20	11	199	203
40	87	81	162	68	10	317	146	46	19	139	167	157	70	0	13	189	199
43	93	76	149	57	7	335	149	44	19	143	172	176	69	14	0	189	194
55	107	98	199	59	7	866	240	27	26	168	258	245	80	3	1	186	184
37	92	86	167	60	7	373	158	42	20	131	181	144	68	9	21	190	196
43	86	66	130	56	7	340	152	44	19	142	177	173	81	6	14	181	185
56	107	104	231	71	11	705	219	31	25	172	226	217	71	19	11	189	196
44	82	72	150	64	7	350	154	44	19	144	181	177	80	0	16	183	187
46	81	71	130	56	7	342	153	44	19	149	172	191	81	3	14	180	186
44	82	72	136	61	7	317	147	46	19	143	173	183	81	6	17	181	185
47	93	85	163	66	11	355	156	44	20	158	172	178	74	7	15	183	195
36	90	74	171	60	8	367	157	42	19	128	177	123	61	6	21	197	204
54	111	103	171	50	11	727	221	30	25	172	227	201	69	15	6	190	198
55	103	100	194	62	11	666	212	31	24	175	217	219	73	10	14	187	194
40	89	58	137	58	7	225	122	54	17	140	146	150	63	7	4	199	206
47	87	81	149	62	9	325	147	45	19	152	171	181	72	0	6	188	198
46	92	79	176	64	8	396	162	41	20	149	183	178	67	2	10	191	198
42	85	64	121	55	7	323	149	46	19	146	167	172	85	1	6	179	182
46	86	70	149	65	8	331	149	45	19	146	170	185	77	6	6	183	188
56	101	100	168	55	11	681	214	31	24	175	219	224	74	2	3	185	192
39	94	89	194	62	9	444	172	38	21	135	191	121	63	4	23	201	209
37	86	69	150	63	8	284	138	48	18	134	163	124	71	1	6	189	195
41	90	71	169	68	7	336	150	44	19	138	175	157	71	3	18	192	197
49	104	89	168	54	4	682	212	31	24	153	238	198	78	1	23	190	189
36	89	72	141	56	7	286	138	48	18	126	163	130	72	1	1	187	192
39	90	86	169	62	7	388	162	41	20	131	194	147	74	1	22	185	191
44	84	77	150	59	5	344	152	44	19	143	175	177	77	8	2	183	187
57	104	103	216	69	11	708	219	30	25	176	228	219	73	4	3	186	196
44	83	68	144	61	8	325	147	45	19	143	170	180	74	1	1	185	191
39	85	57	126	56	6	195	114	58	17	135	134	145	64	17	7	197	202
55	99	101	206	62	13	722	222	30	25	180	225	213	71	2	3	186	196
44	88	85	139	56	11	363	157	43	20	155	176	175	76	5	16	184	195
50	100	81	197	67	6	531	186	34	22	158	206	198	74	6	1	197	198
44	81	72	139	60	6	347	153	44	19	146	180	178	81	1	15	182	186
41	86	66	133	56	6	274	136	49	18	136	155	162	74	5	14	183	189
41	93	79	159	63	8	309	144	46	19	150	165	134	67	4	9	195	203
54	107	98	210	66	11	704	218	31	24	169	221	216	71	14	0	188	197
35	94	66	147	62	9	258	131	50	18	127	159	115	66	8	7	196	201
54	105	106	215	68	10	640	208	32	24	166	217	218	69	14	23	189	199
41	86	64	148	61	5	333	150	45	19	138	165	173	80	5	8	182	185
35	85	47	110	55	3	203	117	57	17	122	136	139	89	5	9	180	184
33	85	40	115	57	3	184	112	61	17	119	130	127	86	12	21	181	183
44	81	68	120	53	6	333	151	45	19	147	170	178	86	4	5	179	183
52	100	104	189	59	10	642	208	32	24	163	220	197	70	1	22	187	198
42	93	64	158	68	9	268	134	49	18	142	163	170	71	7	13	192	201
48	90	78	134	56	11	366	160	43	20	167	169	185	76	1	14	182	192
37	96	74	199	74	5	419	165	39	20	128	188	136	72	1	3	196	200
45	85	65	128	56	8	332	151	45	19	145	170	186	81	1	10	179	184
55	100	101	189	57	10	731	222	30	25	177	225	211	71	7	17	188	197
47	79	74	141	61	7	349	153	43	19	149	175	199	77	6	10	183	189
36	89	77	172	62	8	367	157	42	19	125	174	126	63	5	22	198	205
45	93	73	164	59	7	379	159	42	20	146	182	188	65	11	15	195	201
42	85	59	132	58	7	320	149	46	19	144	166	172	83	8	4	179	182
55	101	108	228	69	12	684	215	31	24	168	229	214	71	2	16	188	199
47	85	75	121	53	9	358	157	44	20	165	168	176	77	1	7	182	191
41	93	75	124	51	7	284	140	49	18	141	164	149	77	5	15	184	185
36	95	73	191	73	6	374	156	41	19	126	184	124	71	2	19	199	204
39	91	83	176	59	7	426	169	39	20	132	190	142	67	0	24	192	199
55	103	103	211	65	11	673	212	31	24	165	229	249	72	5	16	188	196
34	85	53	127	58	6	197	116	58	17	121	137	127	70	3	20	185	189
38	95	66	126	52	8	253	133	52	18	140	158	140	78	11	8	184	183
58	104	103	230	69	11	716	219	30	25	176	231	246	71	7	4	187	196
44	84	80	140	58	11	349	156	44	20	157	166	176	74	5	17	183	193
43	94	68	170	67	6	310	142	46	18	142	164	177	65	10	8	198	203
47	93	85	161	65	12	354	155	43	19	157	179	178	76	2	9	184	196
50	112	110	186	56	11	676	214	31	24	159	232	203	71	18	27	191	202
36	91	77	157	56	7	361	155	42	19	126	177	123	65	8	15	195	201
43	92	69	158	56	7	333	149	44	19	143	170	168	63	14	18	198	203
48	99	104	196	63	10	604	201	33	23	152	221	199	73	8	4	188	197
58	98	101	208	65	12	748	226	30	25	182	225	216	71	6	1	185	196
37	83	54	118	55	4	245	129	52	18	127	146	140	81	4	13	180	184
39	91	88	189	63	9	457	175	38	21	132	197	156	69	0	23	191	198
40	89	60	131	56	6	209	118	56	17	137	143	153	65	10	8	193	199
35	89	70	138	58	7	237	126	53	17	128	147	112	64	4	19	199	207
49	103	100	194	60	10	518	185	35	22	160	202	178	62	13	8	198	208
45	80	71	128	56	7	337	151	45	19	147	171	176	79	3	16	181	187
42	86	65	116	53	6	335	152	45	19	141	175	172	85	5	4	179	183
46	100	81	187	61	9	415	166	40	20	154	189	175	63	13	9	198	207
39	86	60	140	60	7	212	119	55	17	134	140	141	61	7	8	200	207
37	83	62	113	53	6	218	122	55	17	129	143	135	79	0	7	181	185
45	82	68	150	69	5	322	148	45	19	144	169	184	80	5	0	181	184
47	93	88	200	66	7	452	173	38	21	151	197	205	66	0	3	195	202
43	91	88	157	61	9	326	149	45	19	157	165	140	64	1	26	197	207
45	96	80	162	63	9	316	146	46	19	148	161	161	64	5	10	199	207
57	107	106	179	51	8	954	257	26	28	172	275	232	83	2	20	181	184
44	87	70	179	75	6	326	146	45	19	141	167	178	69	6	1	194	201
46	83	73	137	59	6	327	148	45	19	146	167	183	75	8	0	185	191
41	86	66	129	55	7	266	135	50	18	136	154	165	74	3	4	180	187
54	109	109	225	68	11	675	214	31	24	169	226	212	68	11	32	189	202
37	94	73	186	71	7	362	154	42	19	127	171	132	67	2	8	197	206
44	100	93	193	62	8	521	186	35	22	147	202	151	66	0	2	193	198
43	82	73	154	65	7	341	151	44	19	143	178	160	76	5	11	185	189
46	86	73	125	57	6	334	151	45	19	147	170	188	82	9	11	180	184
53	116	110	231	67	12	692	217	31	24	165	231	222	67	16	28	192	206
46	89	77	125	52	10	351	156	44	20	160	171	177	78	7	17	183	191
48	89	85	189	64	8	427	169	39	20	153	188	190	64	16	5	195	201
41	83	70	155	65	7	309	144	46	19	141	168	147	71	4	12	188	195
43	88	84	136	55	11	350	154	44	19	150	174	164	73	6	2	185	196
47	96	103	215	69	10	598	200	33	23	147	220	200	73	6	6	187	194
37	88	57	132	62	6	265	135	50	18	125	151	144	83	16	16	180	184
38	98	66	130	55	7	251	130	51	18	138	160	123	69	3	12	191	194
45	89	81	246	102	43	347	155	44	20	160	200	177	90	9	17	183	192
42	87	76	159	65	5	362	155	42	19	138	184	157	76	6	12	189	193
36	93	63	139	57	8	260	132	50	18	136	158	121	67	3	27	193	201
55	109	102	169	51	6	870	241	27	26	165	265	247	84	10	11	184	183
38	90	75	164	64	7	345	151	43	19	131	168	139	66	0	0	195	204
52	98	86	207	69	5	570	192	33	22	161	212	221	75	4	6	194	195
37	82	66	126	54	7	252	132	52	18	127	148	142	72	17	7	183	187
40	91	98	192	64	9	465	177	38	21	135	194	165	66	9	35	195	205
40	98	77	171	61	6	457	172	37	21	139	197	141	72	4	17	199	201
53	106	98	193	60	10	681	215	31	24	169	224	218	73	8	21	188	197
43	93	78	166	59	7	342	151	44	19	141	182	174	68	15	2	193	197
37	94	72	193	72	6	385	158	41	19	133	184	127	70	0	14	200	204
36	89	68	149	60	8	265	133	50	18	134	153	119	62	6	18	201	209
45	85	70	130	58	8	334	151	45	19	146	171	187	79	2	5	181	186
45	86	73	152	63	6	335	149	44	19	145	170	176	71	6	1	189	196
48	106	107	202	61	10	635	207	32	24	153	227	200	70	5	28	190	203
52	107	103	186	57	11	676	214	31	24	162	217	189	66	6	5	189	198
51	109	100	197	59	10	553	192	34	22	161	210	195	64	14	3	196	202
48	109	107	215	62	10	624	205	32	23	158	222	168	65	9	32	195	206
50	90	90	188	61	10	492	181	36	21	158	211	220	69	6	19	191	199
45	93	83	142	56	10	364	157	43	20	155	180	188	75	1	21	184	197
41	82	70	155	64	7	328	148	45	19	138	172	152	72	5	17	187	195
52	96	104	222	67	9	589	198	33	23	163	217	226	67	12	20	192	201
42	90	63	126	55	7	336	152	45	19	142	173	173	81	0	15	180	184
40	93	62	117	49	7	249	131	52	18	145	160	156	78	8	6	184	184
41	91	66	131	56	9	237	126	53	18	144	159	155	72	3	10	191	194
45	95	105	208	64	10	520	187	36	22	150	202	158	64	7	32	198	211
37	89	51	111	54	5	213	120	56	17	127	138	147	82	7	4	181	183
51	102	92	194	60	6	731	220	30	25	162	247	209	80	7	7	188	186
54	105	100	220	69	10	718	221	30	25	170	232	202	73	0	13	187	199
57	113	109	194	56	6	982	260	26	28	175	288	261	85	11	21	182	183
43	87	65	127	56	8	322	149	46	19	143	169	171	85	6	3	180	182
51	98	96	203	66	10	533	188	35	22	157	207	231	68	10	1	191	199
38	94	88	179	60	7	435	170	39	21	131	188	144	66	2	28	195	204
44	82	63	123	54	7	329	151	45	19	147	166	185	81	3	4	179	182
49	106	96	201	61	10	494	181	36	21	158	197	180	62	19	15	202	209
44	89	82	136	54	6	332	149	45	19	144	170	168	68	10	14	188	193
43	93	88	170	66	9	334	150	45	19	147	164	143	65	2	17	196	206
38	89	80	169	59	7	389	161	41	20	131	186	137	68	5	15	192	197
44	98	78	160	63	8	300	142	47	18	148	160	171	63	19	2	201	207
52	104	96	188	59	9	530	188	35	22	161	206	205	67	11	8	193	200
57	99	109	220	66	11	725	221	30	25	176	234	236	70	10	25	188	200
42	86	65	125	54	7	327	150	45	19	140	171	172	85	2	8	180	182
57	107	102	184	55	7	822	234	28	26	171	243	229	77	7	11	187	187
54	109	103	205	63	11	720	222	30	25	175	229	213	71	6	14	187	200
44	89	76	125	54	10	352	156	44	20	151	163	176	76	12	12	184	193
51	99	88	188	62	5	625	203	32	23	158	222	219	77	8	26	191	190
45	97	91	161	63	10	334	151	45	19	148	166	171	65	18	20	197	205
41	87	73	158	64	7	341	151	44	19	138	175	152	73	3	8	190	194
40	89	72	155	63	7	321	146	45	19	135	175	145	72	4	10	192	196
40	86	75	146	62	6	290	140	48	18	135	158	162	72	3	21	183	190
37	83	54	131	61	4	271	135	50	18	127	152	141	85	3	6	180	183
54	102	101	190	58	10	728	222	30	25	171	224	203	71	13	6	189	198
55	99	101	219	68	10	737	224	30	25	178	228	213	74	11	20	187	196
54	101	106	188	57	7	833	236	28	26	164	256	253	81	6	14	185	185
52	117	110	228	65	12	668	212	31	24	163	228	220	66	21	25	194	205
44	88	77	167	59	6	343	151	44	19	145	175	177	64	9	12	202	208
44	95	84	158	62	10	312	145	46	19	148	163	166	64	10	6	199	206
40	89	69	147	58	6	260	132	50	18	137	155	151	61	16	6	203	209
46	97	101	210	66	8	546	192	35	22	151	208	169	66	1	32	191	200
38	88	58	137	60	5	319	148	46	19	131	163	157	86	12	0	180	183
46	91	78	148	61	9	323	147	45	19	152	168	199	70	13	11	189	200
47	81	69	146	64	6	340	151	44	19	147	171	195	75	5	0	183	188
50	98	90	192	63	9	472	177	37	21	155	195	197	65	10	1	193	201
42	93	88	188	62	10	504	183	36	21	141	208	168	70	3	12	189	197
45	91	76	171	69	7	340	150	44	19	144	170	179	69	12	1	195	201
49	109	109	193	59	10	635	207	32	24	156	225	213	70	13	31	191	202
45	87	82	164	60	8	366	156	42	19	144	181	174	70	2	2	190	196
49	100	96	206	63	9	519	186	35	22	156	202	176	62	3	5	197	205
52	108	109	182	55	12	687	216	31	24	171	229	214	72	10	28	189	201
46	101	105	195	61	10	578	198	34	23	150	213	195	66	7	38	192	205
47	95	81	176	59	7	425	168	39	20	152	196	185	67	4	4	191	198
47	89	85	147	58	10	349	153	44	19	151	175	186	74	13	7	186	197
45	87	77	153	59	7	350	154	44	19	145	181	172	75	15	14	184	189
54	108	105	203	62	11	608	202	33	23	164	216	235	68	12	3	190	200
47	90	85	149	60	10	355	155	43	19	155	179	186	75	1	5	185	196
37	82	59	134	63	7	264	135	51	18	128	151	143	82	11	24	179	185
45	84	68	148	64	6	317	146	46	19	142	168	180	75	5	1	183	187
47	89	81	156	57	8	388	161	41	20	149	187	197	72	9	15	187	193
41	96	77	177	64	5	485	177	36	21	134	205	148	74	0	4	196	198
45	97	72	187	71	5	399	161	40	20	144	178	186	70	7	7	196	203
47	97	87	164	64	9	359	156	43	20	149	173	182	68	1	13	192	202
47	96	77	204	72	6	429	167	38	20	150	188	182	69	6	16	199	203
36	87	53	117	58	4	205	118	57	17	125	138	138	85	9	15	180	183
52	109	95	189	58	4	776	227	29	25	158	262	217	82	0	19	187	186
51	104	108	193	59	11	694	217	31	24	163	232	203	72	15	22	190	201
37	87	60	132	57	6	243	128	52	18	129	154	132	71	1	14	186	192
36	82	54	117	53	7	229	125	54	18	126	146	128	78	1	5	180	184
56	105	98	209	64	11	696	217	31	24	173	225	216	72	2	19	188	199
39	80	60	122	56	6	281	139	49	18	131	151	142	80	0	5	179	186
54	106	100	227	67	4	923	250	27	27	162	280	262	88	5	11	182	182
46	81	71	141	61	7	347	153	44	19	148	177	190	80	1	14	182	187
51	100	109	224	67	9	704	217	30	24	162	238	206	72	6	18	189	199
44	88	71	145	56	8	296	142	48	19	143	159	174	68	7	18	188	197
49	94	87	159	64	10	363	157	43	20	158	179	203	75	4	0	183	194
43	99	89	195	63	8	521	186	35	22	144	210	166	68	6	13	191	199
47	90	85	145	58	9	345	152	44	19	155	175	184	73	4	2	186	197
47	94	85	333	138	49	354	155	43	19	155	320	187	135	12	9	188	196
57	100	107	207	63	11	756	227	30	25	180	234	205	72	6	19	186	198
42	86	65	113	50	8	332	152	45	19	141	169	171	85	4	16	179	183
38	91	70	160	66	25	296	140	47	18	139	162	130	67	4	11	192	202
44	93	90	166	65	10	348	153	44	19	156	170	143	66	9	17	194	203
47	86	75	165	68	6	356	154	43	19	146	176	190	74	7	3	188	194
49	90	83	187	63	7	467	176	37	21	154	205	222	70	1	2	189	195
37	97	76	169	60	8	391	161	41	20	131	189	136	72	0	0	188	192
57	108	106	177	51	5	966	256	26	28	170	285	261	87	11	2	182	181
41	89	75	162	66	5	352	153	43	19	136	175	154	72	2	0	188	195
38	98	70	186	68	6	413	164	39	20	136	189	129	71	3	17	200	203
42	87	64	150	64	10	265	133	50	18	141	157	159	67	7	0	193	201
53	107	108	213	64	12	627	206	32	23	163	216	202	65	21	22	194	205
37	85	80	158	59	8	348	153	44	19	126	179	136	69	6	21	191	197
52	101	105	162	53	10	669	212	31	24	163	226	204	74	12	11	186	194
39	96	77	160	62	8	294	140	47	18	150	161	124	62	15	3	201	208
48	103	101	204	62	12	595	200	33	23	158	215	164	66	8	22	192	202
40	88	73	173	68	7	341	150	44	19	137	174	151	69	2	20	196	200
38	80	64	130	59	8	259	134	51	18	126	152	135	76	1	23	179	188
38	91	75	136	53	6	305	144	47	19	131	165	149	69	1	7	186	191
45	86	71	155	66	7	322	146	45	19	144	167	176	72	5	6	189	196
38	86	86	175	60	9	433	170	39	21	134	191	138	68	1	28	191	199
45	89	77	188	64	9	390	161	41	20	151	190	174	66	4	2	194	201
36	78	51	116	56	4	209	120	57	17	124	135	135	84	1	12	177	184
43	80	71	133	60	7	330	150	45	19	146	170	176	81	6	15	180	184
36	88	78	160	62	6	287	140	48	18	123	161	129	66	4	35	194	202
45	85	82	133	56	11	362	159	43	20	156	170	173	76	10	21	183	193
53	101	108	184	54	12	685	216	31	24	172	220	187	68	4	24	190	201
44	89	70	158	64	6	299	141	47	18	143	164	173	66	9	11	193	199
36	96	74	183	70	6	341	149	43	19	127	178	127	69	0	17	201	205
43	87	70	169	72	7	341	152	44	19	145	177	171	76	6	12	184	187
34	93	72	144	56	6	263	133	50	18	123	158	125	63	5	20	200	206
39	96	58	117	51	6	255	133	52	18	139	154	150	86	6	0	181	182
48	98	101	195	61	11	650	207	31	23	152	227	193	71	5	7	189	196
34	90	66	158	59	7	298	140	47	18	124	165	117	61	1	3	201	207
45	85	70	120	54	7	326	149	45	19	145	169	186	81	8	4	181	184
41	91	93	197	65	9	504	183	36	21	137	202	153	66	11	24	193	200
36	89	69	142	57	7	266	135	50	18	126	154	128	66	3	36	193	203
53	106	98	203	63	11	710	220	30	25	167	228	214	71	10	24	188	197
38	86	89	176	59	9	428	169	39	20	132	190	148	67	7	33	193	202
50	112	104	197	58	11	639	208	32	24	159	223	186	67	15	22	191	202
37	84	70	145	62	9	280	136	48	18	134	159	140	68	11	9	194	202
53	104	108	206	61	11	694	217	31	24	168	226	209	67	0	9	188	201
47	99	91	226	74	5	629	202	32	23	148	234	186	79	4	11	192	191
38	84	83	141	54	7	327	149	45	19	132	177	149	74	6	29	185	191
42	85	70	130	56	7	328	150	45	19	145	177	172	82	10	14	181	185
51	104	105	168	54	10	641	208	32	24	162	220	221	72	9	20	187	197
37	85	68	145	60	6	253	130	51	18	130	150	121	65	3	14	195	203
42	93	64	123	51	7	262	135	51	18	144	164	155	78	16	12	185	185
40	84	71	131	55	7	330	150	45	19	134	167	165	80	12	1	180	186
49	91	86	195	63	8	473	177	37	21	156	203	201	67	7	5	192	198
47	98	109	202	59	11	586	199	34	23	154	207	165	61	1	33	194	208
51	101	98	194	60	10	572	195	34	22	161	219	219	67	0	10	192	201
47	90	73	136	58	11	376	161	42	20	153	172	185	77	11	8	183	191
36	91	60	126	56	6	211	119	56	17	130	139	118	67	6	14	192	198
50	99	88	204	64	10	517	185	35	22	159	209	193	66	12	11	194	201
53	102	101	238	72	4	844	238	28	26	163	267	242	85	7	22	184	184
46	89	74	135	59	9	356	157	44	20	158	170	177	79	12	3	184	191
52	101	101	197	62	9	527	188	35	22	162	208	203	67	14	15	193	202
57	95	104	228	74	10	670	212	31	24	175	224	223	74	0	4	186	193
53	101	91	194	65	6	636	204	32	23	161	231	214	78	5	14	192	192
39	91	82	164	68	10	308	143	46	19	137	164	158	68	13	9	191	201
46	91	75	185	75	7	362	154	42	19	147	178	192	72	8	8	192	199
37	94	74	169	59	7	394	162	41	20	133	178	130	63	6	6	198	204
38	92	74	178	62	9	388	161	41	20	135	181	132	63	7	29	197	206
43	95	71	159	64	6	322	145	45	19	141	169	171	67	8	4	195	200
52	106	101	213	64	11	607	201	33	23	158	214	204	65	2	4	192	204
43	81	68	139	62	7	323	149	46	19	145	172	171	83	1	14	180	184
43	92	70	124	52	6	282	139	49	18	144	164	172	79	4	16	183	185
45	83	73	161	68	8	305	142	46	18	144	169	179	71	10	3	191	199
57	103	105	221	69	11	706	218	30	24	173	226	250	73	10	2	187	195
42	98	90	192	61	9	480	178	37	21	144	189	138	61	3	8	199	208
41	90	62	147	60	6	246	128	52	18	141	149	157	61	13	4	201	208
52	106	107	211	62	8	602	200	33	23	161	218	200	67	9	17	194	201
47	97	81	183	64	8	426	168	39	20	150	193	182	70	11	2	192	198
40	85	66	121	52	4	340	152	44	19	133	170	163	87	13	3	180	183
49	100	80	206	70	6	517	183	35	21	156	206	198	73	3	13	198	199
43	82	71	154	68	7	330	150	45	19	143	171	173	78	7	11	181	186
43	78	70	147	65	8	319	147	46	19	145	169	168	77	1	12	181	186
54	96	104	175	58	10	682	215	31	24	175	221	222	75	13	23	186	194
51	105	108	201	62	11	711	220	30	25	163	232	202	72	12	16	189	200
40	92	62	144	59	8	241	127	52	17	139	149	150	62	13	1	204	210
44	91	66	151	63	7	280	137	48	18	146	166	167	72	1	9	188	194
55	104	109	230	67	12	706	218	30	24	174	230	226	67	8	22	191	202
50	105	93	173	54	4	735	222	30	25	159	254	206	83	4	12	186	184
56	107	105	202	61	11	725	221	30	25	179	234	212	72	15	1	189	196
40	82	73	141	57	8	342	153	44	19	133	173	153	75	11	9	181	187
55	97	104	219	71	9	658	211	32	24	171	222	223	74	1	24	186	196
55	101	101	183	57	13	741	225	30	25	177	225	204	71	5	10	186	198
46	89	78	150	63	11	367	160	43	20	160	170	176	73	5	9	185	194
45	94	89	213	71	5	533	186	35	22	145	204	182	71	4	13	195	198
42	86	64	122	54	6	319	148	46	19	143	170	171	87	1	3	179	182
55	104	100	201	66	10	680	214	31	24	173	224	221	74	1	1	185	194
54	104	91	209	67	11	697	218	31	24	170	223	196	74	4	21	187	196
46	94	79	181	62	8	418	167	40	20	148	190	193	67	12	15	191	198
38	86	76	143	59	8	301	142	47	18	131	167	138	71	5	10	189	196
48	90	78	143	60	11	374	161	43	20	159	172	186	75	2	2	184	193
46	83	71	156	70	6	338	151	44	19	147	174	198	80	3	11	181	186
57	104	103	222	72	12	718	221	30	25	177	223	218	72	11	12	186	195
45	93	81	177	64	7	383	160	41	20	147	180	188	70	11	11	192	199
39	82	86	140	54	7	338	153	45	19	134	174	139	71	11	18	183	189
51	102	108	193	57	10	663	212	31	24	162	219	184	66	7	21	191	201
54	108	109	189	57	11	709	220	31	25	174	229	214	70	12	23	189	201
45	97	76	175	60	9	370	157	42	20	149	180	169	63	16	12	198	206
43	85	66	130	57	6	333	151	45	19	143	173	168	86	4	9	180	183
54	102	98	177	56	10	706	219	31	25	171	219	223	72	5	17	186	196
54	106	105	164	48	5	891	247	27	27	165	269	243	84	12	1	181	182
45	94	72	179	69	6	373	156	41	19	144	181	191	69	5	5	193	198
55	106	98	224	68	11	679	215	31	24	170	222	214	68	2	29	189	201
43	94	82	136	54	10	359	155	43	19	149	176	161	74	1	6	186	197
36	88	53	113	57	3	204	118	57	17	128	137	136	88	7	14	180	183
54	102	98	167	53	10	692	217	31	24	174	228	223	72	0	31	187	198
56	101	100	204	62	12	757	227	30	25	178	231	204	73	0	11	186	197
54	105	96	185	57	10	706	219	30	25	170	231	217	75	5	12	187	195
36	86	66	128	57	8	252	131	52	18	127	148	139	76	5	27	183	187
39	91	72	133	55	7	314	146	46	19	132	170	149	77	9	18	184	189
46	97	94	209	67	10	573	195	34	22	147	224	194	70	0	14	188	197
53	115	100	205	64	11	710	220	30	25	166	229	214	71	21	11	189	199
51	101	112	201	59	11	667	214	32	24	162	223	194	65	0	36	190	206
35	93	78	162	60	8	331	150	45	19	125	172	137	67	2	33	191	198
46	95	92	159	63	11	372	160	42	20	157	176	171	70	7	21	189	200
55	101	105	182	59	10	678	215	31	24	177	221	223	74	12	26	186	195
43	86	70	126	56	6	317	148	46	19	145	166	171	86	6	9	179	182
38	88	77	156	56	7	395	163	41	20	129	184	140	67	1	9	192	198
54	103	107	189	56	11	729	223	30	25	174	225	200	70	0	29	187	201
37	95	71	171	61	9	365	157	43	20	134	178	125	63	5	40	196	208
38	89	74	138	59	7	278	136	49	18	133	167	128	72	7	7	189	193
38	76	58	125	58	5	259	133	51	18	127	152	145	87	0	21	177	184
42	92	75	172	60	8	322	147	45	19	142	174	160	62	22	10	206	211
54	107	108	228	68	12	700	218	31	25	170	223	224	67	13	25	190	204
40	85	75	137	56	7	339	152	44	19	134	173	160	76	7	16	182	187
39	88	76	155	62	8	281	137	48	18	137	156	124	63	3	6	201	209
40	89	89	174	58	8	471	177	37	21	133	202	155	70	7	18	189	196
40	93	73	139	58	6	275	136	49	18	138	166	137	73	0	0	187	188
36	89	69	162	63	6	291	140	48	18	131	164	126	66	1	38	193	204
43	90	81	231	97	46	332	150	45	19	149	200	164	91	5	9	186	196
52	105	107	207	60	11	701	218	31	24	167	221	197	66	0	20	191	203
45	92	76	162	57	7	381	159	41	20	147	184	177	69	8	10	190	195
44	97	95	202	66	9	526	188	35	22	144	216	175	72	15	11	190	197
49	109	103	186	57	11	630	206	32	23	156	212	186	65	12	21	192	201
47	95	73	195	70	7	430	167	38	20	152	184	185	69	9	19	200	206
43	86	61	119	53	8	326	150	46	19	144	169	172	85	8	8	179	182
48	88	90	178	60	8	460	175	38	21	152	200	198	68	13	16	192	199
55	107	103	167	49	7	904	252	27	28	172	269	239	83	5	30	179	186
49	104	105	209	61	11	637	207	32	24	157	217	168	64	0	19	193	207
41	89	63	134	59	6	223	123	55	17	137	148	150	76	12	3	186	188
39	90	57	114	48	7	261	135	51	18	139	155	151	85	12	8	183	182
44	98	88	176	67	10	367	158	43	20	149	173	154	66	14	9	194	202
55	102	101	213	67	12	719	222	30	25	177	226	213	71	2	21	187	199
40	86	66	139	59	7	225	122	54	17	139	145	143	63	7	11	202	208
49	101	103	212	67	10	601	201	33	23	156	215	174	69	4	11	189	196
55	109	96	191	57	6	857	241	28	26	170	267	242	85	8	9	184	184
45	92	74	187	74	7	375	157	41	19	143	179	183	70	8	6	195	201
34	88	58	140	59	6	243	127	52	18	130	148	113	63	4	10	199	206
39	93	86	180	59	9	418	167	39	20	134	186	129	63	6	17	197	204
37	96	74	187	68	8	378	159	42	20	134	183	134	69	3	16	190	197
43	88	70	177	74	19	342	152	44	19	143	180	168	76	1	9	186	189
44	88	84	135	55	12	351	155	44	20	158	176	164	75	7	11	183	195
40	92	66	111	48	7	277	139	50	19	140	159	148	85	12	19	182	183
44	88	70	151	61	8	311	143	46	18	143	163	173	68	7	8	196	203
39	94	75	184	72	8	365	155	42	19	133	175	145	70	4	5	192	200
51	107	103	182	56	11	673	213	31	24	162	226	217	72	2	4	188	198
38	86	58	119	56	4	208	118	57	17	129	140	152	78	9	2	184	186
39	79	72	127	53	9	295	142	48	19	135	165	144	77	7	21	181	189
39	90	89	181	62	8	458	175	38	21	132	200	154	70	11	15	189	195
45	86	66	126	57	8	321	148	46	19	145	170	186	86	0	7	179	182
48	113	98	208	62	9	613	203	33	23	151	216	183	64	17	29	193	204
49	87	86	190	64	9	471	177	37	21	153	197	209	67	11	7	192	199
56	108	102	246	75	6	855	239	28	26	167	264	228	82	9	13	186	185
40	86	66	138	59	4	279	137	49	18	133	162	151	74	6	14	186	190
43	85	66	121	54	7	324	150	46	19	147	169	175	87	0	5	179	182
56	101	101	231	72	10	698	217	31	24	171	232	216	72	2	6	187	197
55	105	96	181	56	9	713	219	30	25	175	231	216	74	4	5	187	194
39	88	88	194	69	8	416	168	40	20	133	199	151	74	3	22	186	192
53	113	93	197	62	11	688	216	31	24	165	221	196	72	6	25	188	199
42	89	75	140	55	6	312	145	46	19	139	170	166	71	15	26	191	198
35	98	70	182	68	5	371	155	41	19	124	184	117	71	3	22	202	205
48	101	85	191	60	11	458	175	38	21	153	192	187	62	5	22	197	210
54	108	103	212	65	11	648	208	32	24	162	228	240	71	9	0	189	197
40	91	83	166	60	8	383	160	41	20	133	189	155	72	5	7	186	191
43	86	69	123	54	6	325	150	46	19	144	174	177	87	3	7	180	182
35	97	66	151	64	8	246	128	52	18	129	148	112	66	6	2	195	200
53	105	108	206	63	12	712	222	31	25	168	226	201	71	15	35	189	203
43	94	69	161	59	7	349	152	43	19	143	175	187	67	12	11	193	198
45	96	87	169	67	10	351	154	44	19	149	167	174	67	9	8	192	201
47	89	80	131	54	11	369	160	43	20	163	175	174	77	1	7	182	193
55	104	105	216	68	11	623	205	32	23	169	221	216	71	9	18	189	196
54	109	103	220	66	11	677	214	31	24	167	229	212	70	1	23	188	201
53	109	103	210	63	11	707	219	30	25	172	229	212	71	6	3	188	199
54	99	100	199	62	9	600	200	33	23	166	222	241	70	2	7	189	198
46	92	82	170	58	8	409	165	40	20	149	181	164	61	8	11	200	208
38	84	66	138	62	6	232	126	54	18	132	144	139	70	4	7	185	190
42	85	66	120	53	7	325	149	45	19	145	173	163	85	5	4	180	182
36	89	68	141	59	8	291	139	47	18	130	166	127	73	7	1	189	196
53	108	104	181	56	11	712	220	31	25	167	226	214	72	15	18	189	199
54	104	101	197	64	11	669	213	31	24	172	218	222	74	14	4	187	196
51	100	89	199	65	6	622	201	32	23	159	219	205	74	6	7	193	193
35	85	64	129	57	6	200	116	57	17	125	138	123	65	1	23	196	203
55	98	108	168	53	11	737	224	30	25	178	231	217	73	8	30	187	198
38	84	74	138	57	8	282	139	49	18	127	160	127	72	9	20	183	191
38	89	78	153	61	7	314	146	46	19	127	166	142	69	0	9	187	194
55	104	105	223	70	10	737	223	30	25	177	237	218	75	14	11	188	196
44	84	65	128	55	8	325	150	46	19	148	169	176	82	1	11	179	183
36	80	69	127	56	7	240	128	53	18	124	147	133	70	2	21	183	191
43	79	72	141	62	8	344	153	44	19	144	175	174	78	0	8	182	188
43	89	77	147	54	8	308	144	46	19	146	163	174	64	13	5	194	201
40	83	59	116	53	7	250	132	52	18	137	145	157	84	12	6	177	183
50	89	83	195	65	6	481	178	37	21	156	207	210	71	1	6	189	194
40	90	83	178	61	8	472	178	37	21	132	199	157	71	1	14	187	193
42	88	66	133	57	6	227	123	54	17	144	147	160	66	8	4	193	198
43	96	82	161	55	5	534	186	34	22	141	215	162	75	0	6	195	196
39	93	63	146	58	7	246	128	52	18	134	149	158	63	9	7	198	204
46	98	77	199	71	7	422	166	39	20	150	184	180	69	13	9	200	203
39	93	78	164	66	8	290	139	48	18	140	157	126	64	4	7	201	208
51	100	109	231	70	11	722	220	30	25	163	238	206	73	11	19	189	198
36	90	85	184	64	6	385	160	41	20	125	187	139	66	9	31	195	203
40	88	79	183	62	7	462	176	38	21	138	200	150	66	0	29	189	199
53	97	105	225	71	12	713	221	30	25	167	226	202	70	3	20	186	200
37	84	70	150	61	7	278	137	49	18	140	156	121	64	0	23	196	205
39	86	62	129	59	6	203	116	57	17	135	137	145	64	7	9	199	204
38	85	72	130	53	9	261	134	51	18	132	145	123	65	1	24	188	198
42	87	60	116	51	6	324	150	46	19	141	169	171	85	2	14	178	182
56	103	105	183	59	10	648	210	32	24	173	217	218	72	13	22	188	196
49	90	85	141	57	11	365	159	43	20	167	173	186	75	1	11	182	192
34	80	42	110	57	3	191	114	59	17	119	131	121	87	4	7	179	183
37	92	75	191	71	6	393	161	40	20	128	180	135	69	1	14	195	202
33	85	50	104	53	4	193	115	59	17	118	136	127	83	1	30	179	185
34	88	69	152	57	5	284	138	48	18	122	158	120	62	9	29	204	210
42	92	69	153	58	8	290	140	48	18	138	165	151	64	10	21	199	206
37	83	49	112	55	5	219	122	55	17	128	144	146	85	8	16	180	184
39	98	68	136	56	8	251	131	52	18	144	159	134	72	4	10	186	187
55	97	96	170	54	10	685	216	31	24	173	219	218	75	0	4	184	193
56	108	103	234	73	10	718	221	30	25	174	232	214	73	8	3	187	197
48	90	81	144	60	9	333	150	44	19	156	173	200	75	2	0	185	195
40	96	100	178	58	8	486	181	37	21	134	205	160	68	5	34	192	202
52	106	108	207	64	12	709	221	31	25	168	229	200	73	22	38	190	205
36	84	75	136	55	6	290	140	48	18	125	166	138	71	4	36	189	195
53	104	101	190	63	10	664	213	32	24	166	218	202	74	13	21	188	198
44	83	70	166	69	5	306	143	46	18	143	166	170	69	7	6	188	193
44	88	71	165	70	7	312	144	46	19	141	167	172	71	4	4	188	193
51	98	84	207	72	7	520	184	35	21	161	199	198	72	9	11	196	199
42	90	63	144	59	7	259	131	50	18	142	154	162	65	15	3	197	204
40	86	63	135	56	5	262	133	50	18	135	152	166	70	9	2	187	191
49	103	107	179	54	12	644	208	32	24	159	214	183	66	1	12	191	200
44	86	70	140	64	6	322	148	45	19	145	170	185	82	10	1	181	183
52	102	101	213	64	10	616	203	33	23	157	214	186	65	0	19	193	203
38	81	53	123	58	6	259	134	51	18	128	147	148	83	10	6	177	184
41	97	62	133	56	7	247	130	52	18	143	158	157	78	5	7	184	186
41	96	69	153	56	7	297	141	47	18	141	162	169	61	11	8	202	209
44	86	65	129	56	6	331	152	45	19	150	168	177	83	4	13	178	183
49	97	76	203	73	7	487	178	36	21	157	194	186	72	0	7	197	200
55	108	105	230	68	11	709	218	30	24	171	228	210	69	14	4	190	197
52	91	98	196	62	9	562	193	34	22	161	216	244	69	3	1	190	199
43	84	76	180	75	7	359	155	43	19	143	180	173	77	5	12	185	190
46	95	104	208	66	9	543	191	35	22	148	210	169	68	0	28	190	200
43	95	83	198	69	6	484	177	36	21	139	189	163	68	6	4	196	198
46	96	88	160	64	9	339	151	44	19	148	173	182	70	15	11	192	199
44	86	77	155	60	7	345	152	44	19	141	174	161	72	9	0	187	192
38	90	79	185	69	6	393	160	40	20	130	178	133	66	2	14	198	205
38	85	75	132	54	7	318	147	46	19	131	171	145	75	7	25	183	188
53	105	105	184	57	11	661	211	31	24	168	224	218	71	0	15	186	197
38	89	77	161	62	7	327	149	45	19	129	174	153	71	6	21	188	193
55	98	104	213	67	9	629	206	32	23	167	223	220	72	5	19	187	196
40	85	66	136	58	6	295	142	48	19	137	164	164	77	2	22	182	186
37	97	78	181	62	8	389	161	41	20	131	182	117	62	2	28	203	211
41	97	92	197	63	10	481	179	37	21	140	197	136	63	4	3	197	204
47	100	88	190	60	10	440	171	38	21	155	186	169	59	15	18	201	210
35	86	44	110	54	2	208	119	57	17	121	139	137	90	6	1	180	183
42	84	76	156	64	7	339	151	44	19	143	179	157	75	0	20	187	193
45	89	85	149	59	11	362	158	43	20	158	177	173	75	12	16	183	193
39	91	77	153	59	8	289	139	48	18	139	159	123	62	8	17	201	209
50	96	94	215	67	9	525	187	35	22	158	214	214	67	8	6	193	201
35	88	60	143	59	7	246	128	52	18	129	147	109	62	1	6	202	209
46	110	100	197	61	9	561	193	34	22	149	209	160	65	11	7	194	203
41	87	66	140	58	6	318	148	46	19	136	164	178	79	19	2	181	185
47	89	83	169	61	8	402	164	40	20	150	189	190	72	7	10	187	193
43	90	72	157	64	8	279	136	49	18	145	158	167	64	4	6	201	209
47	90	85	161	64	10	389	163	42	20	160	177	185	73	9	0	185	195
43	102	96	197	63	10	513	185	36	22	142	202	139	65	8	12	195	204
53	110	104	223	66	10	659	211	32	24	164	223	210	67	5	16	190	203
46	94	91	175	70	12	358	157	43	20	155	172	192	69	15	21	190	200
44	85	66	125	58	6	323	148	45	19	145	170	185	84	8	1	180	183
51	95	96	196	63	9	543	190	35	22	161	208	235	68	13	0	191	198
41	103	83	194	63	9	455	175	38	21	142	199	138	65	7	30	197	206
47	97	88	183	60	7	596	197	33	23	148	214	201	74	8	0	192	191
35	91	66	159	59	7	322	147	45	19	131	169	123	64	1	1	197	203
37	92	80	180	67	8	353	154	43	19	129	180	144	69	6	9	190	195
58	100	109	230	70	11	752	226	30	25	182	234	207	72	0	13	187	198
43	82	73	158	68	7	337	151	44	19	145	181	173	80	2	17	183	188
51	105	80	207	71	6	579	195	33	22	159	214	188	75	6	20	194	194
45	86	70	122	56	7	324	148	45	19	144	170	186	84	9	5	180	183
41	89	76	183	73	7	373	157	42	19	136	181	153	74	8	12	191	195
46	95	76	162	66	11	381	162	42	20	155	175	172	74	8	4	184	193
46	96	70	194	70	6	427	167	39	20	148	183	171	69	17	10	200	203
46	90	73	137	58	11	373	161	43	20	158	170	186	76	0	9	182	193
56	110	109	199	57	5	928	251	27	27	169	272	268	82	11	10	183	183
38	99	74	184	66	6	414	164	39	20	131	193	137	71	2	22	200	202
42	85	66	120	53	7	321	149	46	19	143	169	160	85	10	7	180	182
40	88	69	146	59	7	252	130	51	18	134	147	144	64	1	1	193	200
57	106	107	235	67	6	987	262	26	28	171	285	260	86	9	31	180	184
35	89	52	121	57	4	220	122	55	17	125	139	128	82	5	13	181	184
51	105	105	197	60	11	545	191	35	22	162	207	194	64	18	4	196	205
40	94	85	186	62	9	430	169	39	20	139	184	133	61	2	9	200	210
45	86	71	170	70	6	321	146	45	19	146	172	189	71	10	8	187	191
51	108	100	206	63	10	576	196	34	23	159	214	201	65	7	16	194	205
46	90	75	133	55	11	369	160	43	20	161	173	171	77	0	16	182	192
43	100	92	197	62	10	489	180	36	21	143	200	153	64	6	9	195	205
41	92	66	125	52	7	275	139	50	18	143	160	161	81	7	19	182	184
38	89	82	156	59	8	351	153	43	19	129	179	137	70	1	1	187	192
37	92	75	184	70	6	363	154	42	19	131	184	127	71	0	4	198	202
42	83	71	152	64	7	331	149	45	19	142	172	158	74	2	2	184	190
47	93	83	165	60	7	417	167	40	20	147	197	201	73	12	4	187	192
53	106	98	192	58	11	693	217	31	24	166	228	191	71	11	24	188	198
49	108	103	200	62	10	635	206	32	23	155	227	215	72	6	16	189	198
48	96	83	177	59	8	438	171	39	21	152	195	196	67	15	0	195	201
43	93	78	162	64	8	281	137	48	18	145	156	159	63	17	12	203	210
52	99	104	177	55	10	657	210	32	24	166	219	215	73	3	2	187	194
54	110	102	201	64	11	669	213	31	24	171	222	221	73	17	16	188	198
43	82	70	250	105	55	289	139	48	18	145	231	172	99	4	9	190	199
35	92	58	136	58	6	222	122	55	17	132	142	116	64	6	17	197	203
49	94	82	137	56	10	367	159	43	20	160	176	186	76	10	7	183	192
42	95	96	197	65	9	474	178	37	21	141	199	149	67	1	29	193	200
54	102	98	201	61	6	766	225	29	25	165	246	231	79	9	14	188	187
54	100	102	206	65	10	587	198	33	23	164	224	240	72	4	11	187	196
45	105	100	195	61	10	586	198	33	23	149	214	186	67	8	5	192	200
53	107	108	211	63	11	704	219	31	25	168	228	198	69	10	21	190	203
44	94	70	186	72	8	361	153	42	19	144	171	178	67	7	2	199	206
52	100	109	225	68	10	731	222	30	25	165	241	207	73	7	28	188	199
41	97	88	184	59	9	459	175	38	21	140	192	147	63	1	5	196	205
46	96	74	202	74	5	408	163	39	20	149	185	191	70	7	8	196	200
52	104	110	172	53	10	711	219	30	25	166	235	218	74	10	28	188	198
53	104	101	199	65	11	667	213	31	24	168	216	221	72	12	12	187	198
38	91	76	172	61	8	415	167	40	20	134	196	145	71	0	28	189	198
54	105	108	234	70	12	687	215	31	24	168	226	228	68	4	22	189	201
45	94	85	163	68	10	357	157	44	20	156	170	176	73	17	11	187	195
46	105	100	195	61	9	557	193	34	22	150	207	161	65	5	9	194	202
45	94	85	160	63	10	367	158	43	20	157	174	162	68	1	6	189	199
37	91	76	138	55	8	256	132	51	18	135	157	124	69	0	12	191	192
48	102	105	214	64	10	600	201	33	23	152	214	178	64	0	25	192	204
44	96	68	190	70	7	372	155	41	19	145	179	166	67	5	7	202	206
36	85	72	127	56	7	233	127	54	18	125	144	123	70	3	30	184	194
48	103	96	232	71	10	633	205	32	23	153	226	197	71	2	15	188	196
55	101	107	200	61	11	730	225	30	25	178	228	204	74	8	35	187	201
52	103	103	170	52	7	816	236	28	26	160	254	250	82	3	23	183	184
45	85	73	167	69	8	307	143	46	18	148	173	176	71	2	0	190	199
57	114	102	181	52	6	968	257	26	28	169	287	261	85	2	21	182	184
40	88	55	114	53	7	249	132	53	18	139	142	158	87	0	7	176	183
37	86	77	144	54	7	352	154	43	19	127	179	145	71	14	13	186	191
51	102	104	217	67	10	621	204	32	23	162	220	195	68	3	19	188	197
51	105	93	160	51	7	703	217	30	24	165	240	208	81	9	25	188	188
50	100	98	204	63	6	719	218	30	24	156	232	213	77	8	7	189	189
44	96	85	166	66	10	355	155	43	19	150	167	159	67	3	10	192	202
52	109	104	199	60	12	691	215	31	24	162	220	212	67	11	7	189	199
39	87	74	165	66	6	318	145	45	19	134	173	139	70	3	21	195	200
41	90	78	145	55	7	284	138	48	18	138	161	158	67	0	1	192	197
48	98	101	203	65	9	584	197	33	23	152	216	174	68	2	5	189	197
46	96	88	174	68	10	354	155	43	19	148	173	182	69	14	15	194	202
43	85	69	141	62	7	341	152	44	19	145	178	179	84	1	4	181	184
42	91	66	142	58	9	268	134	50	18	142	163	164	69	6	5	191	197
43	80	68	123	53	7	327	150	46	19	147	169	176	81	7	14	179	184
46	93	85	169	66	9	339	151	44	19	147	169	179	67	0	4	195	204
51	93	90	209	69	8	506	183	36	22	156	211	230	70	6	1	189	196
40	96	78	170	58	7	455	174	38	21	139	197	160	68	3	29	191	200
36	85	51	115	56	5	207	119	57	17	124	139	127	81	13	5	181	184
36	100	73	199	73	6	401	162	40	20	127	189	125	72	6	19	200	204
36	91	72	162	60	8	334	150	44	19	133	166	121	63	2	22	196	205
41	91	64	148	61	8	249	129	51	18	142	161	153	68	6	12	194	201
39	86	58	125	55	5	204	117	57	17	134	140	148	69	7	6	190	194
53	95	95	202	65	10	559	193	34	22	160	220	237	71	3	2	188	196
43	91	72	142	56	7	327	149	45	19	140	168	165	72	13	23	186	191
45	81	68	137	60	7	333	152	45	19	151	167	179	81	3	13	179	183
50	94	84	138	57	10	351	156	44	20	170	171	187	77	5	6	182	191
45	107	92	197	62	10	526	188	35	22	148	202	159	64	12	20	195	203
51	115	100	201	60	12	573	196	34	23	162	207	184	62	22	1	198	208
44	90	69	152	64	7	272	135	49	18	145	165	162	75	3	2	187	191
52	102	98	225	71	10	682	214	31	24	164	228	199	71	0	16	187	196
53	103	106	172	55	10	660	212	32	24	168	220	223	73	16	24	187	197
43	84	70	123	54	8	332	151	45	19	146	173	176	81	1	12	181	184
38	98	78	191	65	8	430	169	39	20	136	197	141	67	9	20	192	199
39	88	70	166	66	7	332	148	44	19	134	167	143	69	5	13	193	201
46	91	101	199	65	9	574	196	34	23	146	219	199	73	5	8	186	194
36	91	83	162	61	8	298	142	47	19	128	163	137	63	0	31	193	200
44	80	68	120	53	8	333	151	45	19	146	170	190	80	4	16	180	185
48	97	105	212	64	11	602	201	33	23	155	212	162	64	2	7	193	202
52	92	93	204	67	9	536	189	35	22	161	214	240	72	2	5	188	195
42	87	70	139	59	7	327	149	45	19	142	177	156	78	6	9	185	188
37	94	72	146	60	9	262	133	50	18	135	161	128	69	2	7	192	195
38	97	75	188	68	6	450	171	37	20	129	199	137	74	2	6	197	199
45	96	101	201	66	9	552	192	34	22	143	218	195	73	3	19	189	197
53	106	98	154	47	4	838	237	28	26	164	263	222	82	4	17	185	184
50	111	103	199	60	11	663	211	31	24	156	223	188	68	9	9	190	200
39	96	64	111	48	8	258	134	52	18	141	160	139	80	7	20	183	184
47	109	96	206	64	9	586	198	33	23	150	219	191	70	4	13	190	198
42	88	64	151	62	8	253	130	51	18	142	150	161	63	3	2	203	210
44	87	98	211	70	10	535	189	35	22	141	214	178	71	2	21	187	194
54	107	96	201	62	12	694	218	31	24	170	221	217	71	2	21	187	198
37	87	52	116	54	6	196	115	58	17	126	135	144	74	11	22	186	190
43	85	66	123	56	6	319	148	46	19	145	166	171	85	6	11	179	182
55	107	103	213	68	11	709	219	30	25	172	221	216	70	10	7	187	197
37	93	70	126	52	9	238	127	53	18	137	156	119	71	2	13	191	190
52	115	100	203	62	10	697	217	31	24	165	229	214	72	14	4	188	197
39	90	85	160	59	7	396	163	41	20	131	189	158	71	7	13	186	192
43	85	66	120	54	5	320	148	46	19	145	168	174	87	8	2	179	181
43	86	68	150	64	9	285	138	48	18	143	161	174	69	6	0	192	201
51	100	104	163	52	10	631	206	32	23	164	217	193	69	5	21	188	196
46	98	88	191	63	6	563	192	34	22	147	215	174	73	2	26	194	197
41	87	76	165	67	7	327	148	45	19	140	171	152	72	7	13	188	195
40	83	53	114	53	6	247	132	53	18	140	142	157	86	8	7	176	183
38	85	63	130	55	7	219	122	55	17	130	137	144	64	20	8	195	201
53	111	108	211	61	11	636	207	32	23	167	217	216	64	21	2	196	205
56	103	100	185	59	11	684	216	31	24	173	219	219	75	15	11	186	194
39	92	76	180	71	6	350	152	43	19	131	179	143	72	6	14	195	200
41	88	80	147	62	8	318	146	45	19	144	169	161	71	4	16	188	197
38	84	60	128	56	5	261	132	50	18	130	148	141	75	8	4	185	188
44	89	80	191	66	6	396	162	40	20	143	189	180	66	13	11	194	199
47	93	84	205	71	7	476	176	36	21	152	190	201	70	7	19	198	201
52	104	101	206	62	10	587	198	33	23	161	207	204	64	2	5	195	204
43	81	68	148	64	7	330	150	45	19	144	175	171	80	1	2	182	185
45	88	82	155	56	8	357	154	43	19	149	180	170	69	3	0	188	193
51	103	105	174	56	11	650	210	32	24	163	222	222	73	8	9	187	196
46	83	68	139	59	6	336	150	44	19	146	172	183	74	5	3	185	191
38	79	55	120	55	5	295	142	48	19	128	153	145	81	4	2	180	183
55	97	103	197	63	11	677	215	31	24	172	219	219	75	5	24	185	194
39	83	69	127	54	5	274	135	49	18	131	155	162	69	16	6	187	190
38	98	72	192	69	5	427	166	38	20	131	189	138	70	1	3	200	202
48	90	77	132	56	10	354	157	44	20	164	169	187	78	1	3	182	191
43	85	66	123	55	7	326	150	45	19	146	172	173	83	4	15	180	183
45	81	68	154	69	22	335	151	45	19	147	186	186	88	1	10	180	185
48	90	85	157	64	11	375	161	43	20	167	175	186	74	3	16	185	195
53	104	108	204	64	11	707	220	31	25	172	226	203	71	14	30	189	203
43	95	96	202	65	10	534	189	35	22	143	217	166	71	6	27	190	197
42	93	98	192	63	9	508	185	36	22	138	206	173	70	10	21	189	197
38	87	71	123	53	8	277	137	49	18	127	158	145	75	0	9	181	186
56	104	96	231	74	11	713	220	30	25	172	223	218	73	6	16	186	195
41	95	82	170	65	9	314	145	46	19	145	163	140	64	4	8	199	207
54	105	105	213	67	10	597	200	33	23	163	214	214	68	10	20	190	198
55	106	96	196	60	12	717	221	30	25	173	225	214	72	9	13	186	196
39	86	84	149	57	8	358	156	43	20	133	185	157	74	0	23	183	190
49	95	92	193	62	10	478	178	37	21	154	200	171	64	2	0	198	206
57	99	100	177	54	13	726	224	30	25	188	223	213	72	4	7	185	198
42	89	66	125	53	7	254	131	51	18	144	162	162	73	10	17	188	191
49	95	82	139	56	11	365	159	43	20	162	173	185	75	7	10	182	191
37	97	70	173	66	7	346	151	43	19	129	167	119	65	0	16	201	208
47	100	70	185	70	7	406	162	40	20	153	179	172	68	9	6	200	205
49	108	109	204	61	11	665	212	31	24	159	229	215	71	16	11	190	199
46	92	83	154	56	6	382	160	41	20	148	185	184	71	10	5	186	191
36	82	51	114	53	4	268	135	50	18	126	150	144	86	15	4	181	182
58	111	105	183	51	6	1018	265	26	29	174	285	255	85	4	8	181	183
45	87	66	139	58	8	294	140	47	18	148	168	175	73	3	12	188	196
46	94	77	169	60	8	373	158	42	20	148	181	181	67	12	2	193	199
43	95	76	142	57	10	339	151	44	19	149	173	159	71	2	23	187	200
44	90	72	157	64	8	283	137	48	18	144	159	171	65	9	4	196	203
34	93	66	140	56	7	251	130	51	18	120	151	114	62	5	29	201	207
39	93	87	183	64	8	422	169	40	20	134	200	149	72	7	25	188	195
46	89	84	163	66	11	368	159	43	20	159	173	176	72	1	20	186	197
54	106	101	222	67	12	721	222	30	25	173	228	200	70	3	4	187	201
36	86	78	146	58	7	270	135	50	18	124	155	148	66	0	25	190	195
36	85	66	123	55	5	212	120	56	17	128	140	131	73	1	18	186	190

